11261424 199452
11263669 000
11764641 000
11792776 23419
11828961 414138
12242246 51467
12397475 000
12536849 12712
12872198 22023
13592539 35989
13626626 80027
13963159 52735
14175898 7614
14949797 7428
14973643 10016
14998116 62862
15832194 7235
16115153 1329
16481177 000
16659457 85958
16817766 50157
16964231 34221
17117684 173929
17481496 375389
18146178 70787
18154452 644
18326694 157551
18659331 45101
18851285 111408
19185322 69595
19268379 43468
19419619 46427
19533648 124050
19745417 33501
21278241 39807
21458714 17488
21531251 110861
21651696 19647
21757479 335213
21797565 000
21931885 000
21944876 000
22198678 63351
22264955 000
22351178 18010
23212113 13288
23268342 100354
23321642 63975
23322449 000
23348615 11952
23386191 13609
23927797 114466
23933374 000
24367645 18840
25155692 5132
25246198 000
25358513 1267296
25359774 14171
25551367 24566
25636459 000
25916126 173646
25962325 126262
25979728 214090
26215124 48138
26245729 73632
26397555 1777
26487218 500825
26561311 54515
26569859 17267
26636175 3348
26713767 96467
26919513 534089
27215191 18208
27276642 3208
27897552 9842
28128346 73395
28638878 16568
28746764 000
28854293 354336
28856413 126939
28923426 23641
28927946 26742
29129278 15879
29172661 155178
29189977 1648
29227122 000
29476216 69448
29552427 000
29682322 1104
29847719 11608
29942985 000
31126541 94631
31217317 119868
31386559 8254
31428955 316404
31542277 72153
31593946 4709
31656149 12861
32115221 000
32236522 197559
32262412 18243
32556328 000
32677986 4047
32787723 18970
32946462 2214
33129427 000
33645993 25799
33921948 000
33928795 364049
34187216 2805
34192758 000
34278575 000
34515445 000
34557137 47566
34574816 383767
34837788 4301
34887246 7283
35279669 5286
35514169 23074
35576728 000
35867553 45287
35883465 000
36777141 124368
37532539 13039
37631656 478617
37754711 000
37958256 9859
38157316 22408
38254811 000
38341258 41947
38353969 101690
38434182 000
38451496 28331
38491899 4530
38811631 73046
38913916 290391
38963931 000
39273795 22976
39278849 19867
39396338 000
39399958 291593
39431691 14653
39898379 25020
39946875 34401
39975253 173318
41214517 71007
41455935 000
41464862 46470
42131668 10058
42161421 7404
42477526 63485
42772122 24427
42842896 133
42868968 29288
42944981 14366
43222245 10347
43426828 45955
43437211 1501031
43515359 52820
43662854 3315
43665289 000
43883631 4550
43895454 21437
43933184 2482
44189471 22701
44338543 62809
44351987 24960
44657424 000
44998934 2889
45119278 139839
45214463 100252
45467627 67093
45652681 45249
45717585 12359
45897939 2266
45945942 8545
45952519 99382
45985911 170791
46162398 000
46227838 5172
46762121 5578
47355477 000
47384182 41533
47789172 22425
48191884 3238
48625747 8355
49277822 27287
49361813 9302
49428883 371
49541272 865844
49657941 72566
49693925 117389
49817213 9268
51145951 6655
51174933 31849
51249479 238098
51486243 14690
51771645 8196
51773946 45010
52854128 22954
53149565 24282
53315481 000
53458589 36210
53631562 21840
53779636 27258
53884252 25314
54365383 25905
54444921 25788
55128516 82335
55271153 59670
55354544 19422
55627471 52576
55641849 27303
56366899 38655
56813798 1750
57133814 000
57415247 000
57429444 50834
57654825 49342
57672712 000
58535861 426490
58922527 000
59118122 39189
59127847 13604
59159327 116923
59546821 2852
59885727 713139
61296278 85196
61533895 16813
61536112 000
61583654 28173
61647823 12293
61784384 3371
61925779 40433
62416713 100800
62714782 273
62743362 50332
62887947 000
63144659 17875
63531136 14925
63752421 197573
64189169 62702
64273893 784584
64387718 52887
64638133 000
64877681 1103904
38141329 231284
65234423 000
65414657 470140
65911557 000
66165831 154578
66181368 57105
66215463 28831
66222748 11301
66392339 19814
66416236 10535
66539589 27080
66568461 20216
66783368 000
67415147 40135
67455557 000
67519148 123992
67598771 72928
67732358 64062
67762776 000
67822627 3694
67847284 47389
67896726 57620
68121288 40686
68129524 211019
68152541 648
68276734 107104
68384177 24544
68528494 22646
68641431 84759
68667128 194377
68672559 34565
68698981 000
68733561 000
68767168 000
68814455 24571
68955793 4960
69148542 4666
69188269 198379
69399683 17234
69411865 59776
69927789 91933
69988174 10045
71143431 202293
71188528 000
71316318 223329
71428325 201559
71511197 47769
71734929 120025
71757393 10036
71792368 222109
71944143 000
72319465 10647
72499491 57601
72622693 000
72861797 28948
73146387 000
73248121 000
73835328 6520
73962759 278359
74193277 1422036
74193515 20067
74249184 1679795
74349756 29127
74934576 46750
74979565 000
75315321 000
75532663 000
75673524 36756
75686958 65380
75817474 6777
75929737 000
76272974 091
76327258 31459
76337181 22783
76421382 000
76499885 39609
76539862 711725
76931981 27527
77278583 83204
77293266 000
77293727 394
77628457 35213
78272197 420426
78276782 1674
78353979 16727
78613874 158964
78898529 55150
79127158 23070
79148373 5709
79322373 219032
79367672 131896
79443285 50709
79469157 2303
79485296 28784
79557497 11882
79767763 000
81295974 75146
81748934 11935
82239237 830565
82389424 27239
82552543 138054
82747745 89327
82749648 108072
82785959 224225
83156476 000
83267324 512534
83441827 16056
83757555 10368
84274171 116432
84465366 14755
84942547 000
85183847 23828
85259786 189400
85359215 29536
85697152 16856
85823289 000
85996357 56969
86236346 937856
86279216 000
86444623 103052
86873692 105419
87325818 145045
87531843 26070
87537885 346699
87814684 121559
87911581 90199
88116489 8261
88475873 9112
88598273 2037
88629528 26625
88699639 000
88762954 121122
88856615 20015
89113747 000
89173219 104867
89446969 000
89684946 10081
89978711 120681
91271266 67379
91351494 293333
91355279 18703
91441665 35906
81642324 1218441
51588175 1475826
89927434 46178
19063595 327
85521977 60942
57493480 417250
59137807 3060292
91995983 23697
92446862 56605
92453992 26742
92614748 85033
92838872 1372
92945579 32618
93174857 101724
93335594 24458
93412882 153317
93452465 62128
93573124 46221
93651932 173895
94139549 501050
94163868 17092
94411772 6847
94435224 95074
94562294 000
94967855 74068
94996918 46411
95178537 116118
95491336 271
95692811 262303
95843554 000
95949464 19260
95973533 000
95979812 132160
96163916 1056
96245754 53368
97254978 29738
97255777 53992
97639667 16871
55568424 907175
22847877 6574
59260220 1687523
55212605 239447
57279707 1387562
30116881 21760
30307305 1546268
77931547 12892
30682866 1567621
97767674 107063
98181931 000
98287959 87780
98331691 884834
18224536 1262522
39735109 839576
97065702 552611
26730809 2289631
37193595 11864
43009889 28889
16480341 8377
89765222 200343
25053410 56855
98682572 000
98797375 15787
99251241 7255
99257943 000
99295493 000
00000000