13626626 000
19419619 15266
19745417 13725
21458714 000
23268342 000
23321642 21536
25358513 98789
25359774 000
25962325 000
26245729 000
26397555 2600
28854293 000
28856413 000
35279669 580
38451496 000
39975253 11059
43437211 100545
43515359 52867
44338543 000
45214463 000
45652681 31637
45945942 2267
45952519 30226
45985911 000
48191884 000
48625747 18634
49361813 38469
49541272 21987
51249479 110351
53458589 000
55128516 000
55627471 5220
58535861 48758
63531136 000
64273893 84490
64387718 000
64877681 105664
38141329 76258
66165831 1726
68152541 18228
68641431 18284
68667128 31753
69188269 32044
69927789 000
71143431 000
71316318 17452
71428325 23900
71757393 000
72861797 16568
73962759 5282
74193277 42985
74249184 75261
75686958 60610
76539862 33253
78613874 52564
78898529 000
79148373 2348
79322373 14263
79367672 000
79469157 75930
79557497 22313
81295974 34093
82239237 34326
82749648 000
86236346 125689
86444623 59241
87325818 000
87537885 7230
88116489 19229
88856615 5896
89978711 6942
91355279 19022
91441665 47408
81642324 75793
51588175 96483
89927434 100237
19063595 48268
85521977 39992
57493480 53016
59137807 241845
94435224 000
97639667 45562
55568424 92318
22847877 1448
59260220 119474
55212605 51850
57279707 138704
30116881 33641
30307305 51015
77931547 72340
30682866 176437
98331691 106235
18224536 94063
39735109 117841
97065702 111240
26730809 167503
37193595 123320
43009889 49887
16480341 45925
89765222 27835
25053410 1000
98797375 000
00000000